 &plot nbnd=   4, nks=    12 /
            0.000000  0.000000  0.000000
  -18.897   -6.661   -1.994   -1.994
            0.000000  0.128300  0.000000
  -18.600   -6.331   -3.174   -2.578
            0.000000  0.256600  0.000000
  -17.718   -5.763   -5.295   -3.772
            0.000000  0.384900  0.000000
  -16.274   -8.767   -4.839   -3.658
            0.000000  0.513200  0.000000
  -14.347  -11.595   -5.404   -1.756
            0.111111  0.192450  0.000000
  -18.013   -5.656   -4.774   -3.812
            0.111111  0.320750  0.000000
  -16.851   -7.279   -5.196   -4.300
            0.111111  0.449050  0.000000
  -15.148  -10.097   -6.057   -2.427
            0.111111  0.577350  0.000000
  -13.407  -12.257   -6.371   -1.047
            0.222222  0.384900  0.000000
  -15.429   -8.854   -7.247   -2.693
            0.222222  0.513200  0.000000
  -13.552  -11.006   -8.269   -0.786
            0.333333  0.577350  0.000000
  -11.860  -11.860   -9.607    1.057
